#Biological parameters
#Loo       k    M     log_aw     bw     L50ms    L95ms    spawn_time   
96.450 0.130 0.280   -7.825     2.950   39.000   42.000    0.875

#Number of ages
10.

#Number of samples/years
9

#LF weighting factor
1.000
1.000
1.000
1.000
1.000
1.000
1.000
1.000
1.000

#Number of length bins
38.

#Length bins
  20   22   24   26   28   30   32   34   36   38   40   42   44   46   48   50   52   54   56   58   60   62   64   66   68   70   72   74   76   78   80   82   84   86   88   90   92   94

#LF: Length frequencies.
   0    0    0    0    0    0    1    4    2    9   16   26   31   36   41   57   73   71   63   61   68   58   58   24   23   24   15   10    8    7    5    4    3    1    0    0    1    0
   0    0    0    0    0    0    0    0    3    3    5    8   21   47   34   50   80   79   82   69   56   58   59   34   38   22   15   11   12    7    3    0    1    3    0    0    0    0
   0    0    0    0    1    0    2   10   14   22   38   33   37   61   55   66   57   55   45   43   42   37   32   32   28   21   14   22   15    4    4    4    4    1    0    1    0    0
   0    0    0    0    0    0    2    4    7   18   35   32   65   67   78   79   74   56   61   45   31   32   32   15   14   15    8    5    5    7    5    2    3    3    0    0    0    0
   0    0    0    1    0    1    4   11   34   28   42   45   49   53   43   61   81   68   57   41   34   39   27   20   12   11    8   12    7    3    2    0    0    1    1    2    2    0
   0    0    0    0    0    1    1    1    2   10    8   20   35   31   59   69   80   79   75   71   67   41   31   30   24   16    9    8    8    3    5    2    6    3    3    1    1    0
   0    0    0    0    1    1    9    8   15   35   47   53   67   81   86   84   68   67   53   36   27   14   19   11    9    3    3    0    1    0    2    0    0    0    0    0    0    0
   0    0    0    0    0    0    1    2    9   17   18   25   41   53   50   65   95   61   79   80   59   53   27   20   13   16    7    3    2    1    0    1    1    0    0    0    1    0
   0    0    0    0    0    1    1    1    3    3   13   26   31   40   51   63   67   78   72   79   63   57   39   29   29   20   10    5    9    4    2    1    0    2    1    0    0    0

#Priors (parameter, coef. of variation, estimation phase)
# L50     slope       F      Lr      a0       cv
57.0       5.7       0.5     40.0    0.001    0.1
#coefficients of variation
 0.1       0.1      10.1     0.1      10.1    0.5
#Estimation phases
1           2         3       4       -4      -4

#SPR target    steepness
0.4            1.0

#Effective sample size
500.
